COD	X1	X2	X3	X4	X5	X6	X7	X8	X9	X10
BE10	7660.00	28.50	2.14	17.30	6.50	65.20	19700.00	2196.18	29.69	3022.00
BE21	678.80	10.80	2.14	5.70	2.70	75.90	22400.00	2246.72	21.40	4264.00
BE22	373.80	7.60	2.14	3.40	3.80	75.00	21600.00	2278.86	29.27	2198.00
BE23	523.40	5.30	2.14	4.40	2.40	80.00	23300.00	2186.18	22.56	3754.00
BE24	558.70	7.00	2.14	5.80	1.20	73.80	25000.00	2226.46	30.59	2953.00
BE25	386.20	6.90	2.14	5.30	2.30	78.00	23100.00	2203.27	13.96	3594.00
BE31	375.80	10.20	2.14	10.10	6.70	74.70	23900.00	2294.80	37.61	1236.00
BE32	357.30	20.10	2.14	8.40	9.30	61.40	18700.00	2317.26	31.81	2348.00
BE33	291.60	18.40	2.14	9.40	5.90	64.80	19600.00	2512.21	40.26	2202.00
BE34	66.40	16.00	2.14	8.50	2.40	72.50	20700.00	2813.43	8.71	353.00
BE35	137.80	16.90	2.14	6.90	4.30	67.50	20100.00	2466.87	29.29	1109.00
BG31	35.90	33.80	2.14	19.50	22.50	66.80	9300.00	2324.47	225.19	317.00
BG32	47.10	23.20	2.14	20.00	24.60	73.30	9800.00	2310.49	239.06	417.00
BG33	56.70	20.00	2.14	12.90	19.70	76.90	10300.00	2218.87	207.74	1176.00
BG34	48.50	25.30	2.14	13.60	20.70	74.50	9300.00	1956.03	291.34	1135.00
BG41	99.70	15.50	2.14	13.80	17.60	81.70	16700.00	2650.51	64.56	3716.00
BG42	58.90	28.70	2.14	14.80	18.70	72.70	10200.00	2345.32	197.84	1306.00
CZ01	2714.20	6.50	4.18	13.00	1.90	84.40	20500.00	2759.24	62.98	4949.00
CZ02	131.80	8.00	4.18	4.90	1.60	83.50	17400.00	2934.98	30.74	4510.00
CZ03	72.10	8.70	4.18	5.40	1.20	82.30	15200.00	3090.21	15.05	3544.00
CZ04	129.10	14.80	4.18	9.60	5.30	79.20	14000.00	3066.97	33.49	2489.00
CZ05	123.60	10.00	4.18	5.10	3.10	80.90	15000.00	3168.06	15.22	4025.00
CZ06	124.80	10.20	4.18	5.30	2.60	81.30	15700.00	3050.78	39.13	5713.00
CZ07	132.00	10.20	4.18	5.40	3.40	80.10	14700.00	3159.39	32.71	3664.00
CZ08	222.80	14.20	4.18	8.10	2.90	78.50	14400.00	3177.99	25.17	2583.00
DK01	772.00	14.10	2.69	19.10	7.30	82.00	18800.00	2986.50	2.12	1091.00
DK02	119.60	10.90	2.69	9.30	6.00	78.90	17200.00	2921.35	2.29	626.00
DK03	102.80	11.80	2.69	11.30	6.90	78.80	16700.00	2954.05	4.74	618.00
DK04	105.80	11.90	2.69	16.50	6.10	80.00	17000.00	3091.93	3.05	879.00
DK05	76.90	11.10	2.69	11.60	6.40	78.50	16600.00	3098.77	3.30	400.00
DE11	393.10	10.50	2.52	12.00	6.60	82.80	26100.00	2646.76	35.15	1169.00
DE12	411.40	12.90	2.52	12.70	6.50	81.40	25100.00	2514.45	47.28	674.00
DE13	247.80	12.00	2.52	12.40	6.80	83.70	25500.00	2651.03	39.88	669.00
DE14	216.70	11.70	2.52	11.50	5.80	84.30	25800.00	2931.84	12.79	632.00
DE21	274.50	10.20	2.52	14.60	4.00	84.00	30000.00	2907.31	19.20	1517.00
DE24	146.40	10.00	2.52	10.30	3.10	82.10	24600.00	3013.68	23.88	257.00
DE25	246.70	14.40	2.52	12.60	4.20	81.70	25200.00	2857.92	27.13	551.00
DE26	154.90	12.90	2.52	10.40	2.90	82.10	24900.00	2721.55	27.20	340.00
DE27	193.30	12.30	2.52	7.70	2.40	84.10	25800.00	2955.60	13.71	641.00
DE30	4320.50	14.90	2.52	12.90	2.90	78.90	22300.00	2614.14	82.54	489.00
DE40	87.60	13.40	2.52	8.00	4.20	82.00	22200.00	2741.35	61.08	914.00
DE50	1754.80	20.00	2.52	11.30	10.90	73.90	22100.00	2617.50	38.26	166.00
DE60	2596.20	18.80	2.52	16.80	8.00	79.40	25800.00	2720.01	26.80	371.00
DE71	542.80	14.10	2.52	13.30	5.80	78.80	25100.00	2489.79	66.54	1337.00
DE72	194.20	17.00	2.52	11.80	7.40	79.10	22700.00	2751.75	21.99	331.00
DE80	70.60	17.30	2.52	8.00	9.60	79.20	21600.00	2824.24	33.63	576.00
DE91	196.70	17.50	2.52	11.30	6.60	79.40	23100.00	2725.47	26.69	275.00
DE92	237.30	17.40	2.52	12.90	7.50	80.80	22800.00	2582.71	37.84	596.00
DE93	112.00	13.80	2.52	13.20	5.90	82.40	23800.00	2703.90	29.44	554.00
DE94	171.60	18.20	2.52	14.30	8.10	81.30	22700.00	2559.09	18.91	1136.00
DEA1	1007.80	19.90	2.52	13.00	6.90	77.20	23300.00	2284.95	39.55	1361.00
DEA2	612.50	14.50	2.52	13.70	6.60	78.90	23800.00	2400.23	40.37	1222.00
DEA3	381.80	16.60	2.52	12.30	7.30	79.10	23100.00	2424.20	30.62	812.00
DEA4	317.60	13.60	2.52	10.40	6.80	79.80	24100.00	2606.10	32.13	759.00
DEA5	447.40	19.80	2.52	11.70	7.40	78.10	22700.00	2719.70	23.22	805.00
DEB1	188.70	16.80	2.52	12.30	8.20	81.30	23700.00	2645.46	35.82	484.00
DEB3	303.70	11.50	2.52	12.00	8.30	78.50	24000.00	2406.97	61.04	534.00
DED2	204.10	13.40	2.52	10.30	2.90	82.80	22000.00	2829.11	51.94	734.00
DED4	215.00	15.00	2.52	6.10	4.10	83.60	21900.00	3011.56	37.83	616.00
DED5	272.10	17.10	2.52	10.20	4.10	83.20	21200.00	2656.03	55.21	435.00
DEE0	106.70	19.80	2.52	7.30	2.60	80.10	21200.00	2673.65	46.25	786.00
DEF0	190.20	12.80	2.52	13.10	5.20	80.80	24700.00	2785.58	13.88	1133.00
DEG0	130.90	15.00	2.52	9.40	9.50	82.10	21500.00	2890.57	29.43	606.00
IE04	36.70	20.60	2.72	4.40	16.20	77.80	17800.00	2630.51	0.00	3312.00
IE05	58.60	14.50	2.72	2.90	12.80	77.00	19500.00	2423.84	0.00	5203.00
IE06	179.90	10.10	2.72	4.10	11.70	79.20	18700.00	2660.05	0.16	8748.00
EL30	1003.40	13.80	3.14	25.70	46.40	69.30	16200.00	1107.15	634.23	7931.00
EL41	51.30	24.60	3.14	22.40	41.40	67.30	11800.00	1088.06	523.88	473.00
EL42	62.50	15.80	3.14	21.80	42.50	64.40	16500.00	634.84	609.45	1514.00
EL43	75.00	10.10	3.14	21.40	40.40	68.80	13300.00	923.89	418.15	1870.00
EL51	40.00	26.10	3.14	28.40	57.60	62.80	11700.00	1875.60	301.82	967.00
EL52	96.60	23.80	3.14	31.40	44.30	63.60	13200.00	1698.58	412.31	3317.00
EL53	27.30	25.40	3.14	27.80	41.20	58.80	13800.00	2342.34	139.61	353.00
EL54	35.10	15.80	3.14	24.70	32.90	63.50	13100.00	1678.85	290.21	705.00
EL61	49.10	18.70	3.14	23.50	39.50	64.80	12300.00	1783.82	341.39	1160.00
EL62	89.30	22.60	3.14	27.40	59.40	64.00	17300.00	947.05	547.66	935.00
EL63	58.40	26.70	3.14	28.10	47.20	62.40	11700.00	1282.78	362.27	916.00
EL64	32.80	25.40	3.14	30.60	35.00	66.60	12000.00	1585.11	355.70	747.00
EL65	34.70	23.40	3.14	28.00	58.30	68.30	12600.00	1317.96	393.99	1085.00
ES11	91.80	18.00	1.97	4.80	9.10	69.10	17300.00	1532.61	76.32	12854.00
ES12	95.20	20.10	1.97	10.40	7.60	64.40	19100.00	1642.26	25.23	4447.00
ES13	111.40	14.80	1.97	6.80	5.30	70.10	18200.00	1665.91	66.61	2769.00
ES21	307.50	12.20	1.97	7.30	7.30	73.30	23400.00	1561.39	118.97	2587.00
ES22	64.60	10.90	1.97	8.00	10.80	73.40	20700.00	1694.63	269.62	2880.00
ES23	63.80	16.60	1.97	6.90	7.90	74.80	18600.00	1983.38	182.98	1281.00
ES24	28.10	15.00	1.97	6.90	8.80	74.20	19500.00	1790.98	362.58	6144.00
ES30	853.90	14.80	1.97	12.20	11.80	74.50	21800.00	1572.12	510.21	27777.00
ES41	25.40	17.80	1.97	6.90	10.50	72.10	18100.00	2085.35	186.02	12744.00
ES42	26.20	26.10	1.97	5.90	14.50	67.90	15900.00	1594.76	459.08	9499.00
ES43	25.80	30.00	1.97	4.40	12.40	63.40	14800.00	1048.08	645.27	3874.00
ES51	245.00	14.50	1.97	10.70	14.80	73.90	19600.00	1576.28	373.45	36750.00
ES52	223.10	22.30	1.97	7.40	12.20	69.30	15800.00	1109.97	535.00	23481.00
ES53	241.00	16.90	1.97	11.80	20.50	73.50	18400.00	722.07	638.52	10507.00
ES61	98.50	29.10	1.97	9.40	16.20	61.20	14700.00	915.11	560.84	31750.00
ES62	136.30	26.30	1.97	8.00	12.40	67.30	15500.00	971.38	588.21	5744.00
ES63	4152.70	34.80	1.97	9.50	24.10	55.40	16300.00	342.08	292.29	144.00
ES64	6086.60	34.50	1.97	13.20	23.30	54.60	15300.00	620.30	406.15	179.00
ES70	296.30	29.40	1.97	14.80	20.10	63.40	15000.00	103.29	137.41	8856.00
HR02	44.10	25.90	2.55	4.80	15.10	62.90	12800.00	2260.23	154.81	1141.00
HR03	52.90	18.20	2.55	4.20	17.40	69.50	13200.00	1900.33	290.24	3512.00
ITC1	169.10	13.30	2.14	6.00	6.30	71.30	22100.00	2204.00	278.35	6771.00
ITC2	38.00	5.60	2.14	3.40	3.20	74.90	21500.00	3867.68	5.86	471.00
ITC3	278.90	19.10	2.14	7.60	4.40	70.70	21900.00	1552.67	287.96	1637.00
ITC4	432.10	12.40	2.14	8.10	2.60	73.40	24500.00	2312.76	300.44	19009.00
ITF1	117.90	29.60	2.14	4.70	5.90	62.80	18000.00	1685.94	333.00	3381.00
ITF2	65.60	30.50	2.14	3.80	6.40	58.80	17000.00	1578.28	404.90	689.00
ITF3	412.00	37.10	2.14	9.40	8.50	47.30	14800.00	1192.09	477.13	10673.00
ITF4	202.90	28.80	2.14	3.50	8.80	53.40	15800.00	1284.37	482.87	6741.00
ITF5	53.80	24.50	2.14	6.80	8.90	57.30	15900.00	1445.83	353.14	1121.00
ITF6	121.90	34.50	2.14	8.20	12.00	47.00	14900.00	1131.61	474.73	3852.00
ITG1	187.70	36.80	2.14	8.20	12.60	46.20	15400.00	1079.28	556.06	8726.00
ITG2	66.20	30.80	2.14	4.60	8.90	58.60	17300.00	970.61	572.51	4987.00
ITH1	72.40	10.10	2.14	7.30	0.50	79.20	27400.00	3960.18	10.95	1114.00
ITH2	88.00	7.80	2.14	7.60	2.70	74.90	22200.00	3113.98	46.02	1138.00
ITH3	279.50	13.00	2.14	4.20	3.50	72.90	21600.00	2203.01	283.75	9849.00
ITH4	157.80	12.80	2.14	5.70	1.60	73.40	21800.00	2388.26	202.50	1656.00
ITH5	200.60	7.30	2.14	5.00	4.20	74.80	23700.00	1904.86	353.77	7927.00
ITI1	160.60	10.70	2.14	5.60	3.70	73.70	21300.00	1567.96	372.44	5506.00
ITI2	103.30	8.60	2.14	3.20	4.50	69.90	20000.00	1797.01	325.24	1615.00
ITI3	158.30	11.60	2.14	4.00	5.40	72.00	20200.00	1738.11	288.31	3026.00
ITI4	337.20	21.40	2.14	8.20	7.70	66.50	20900.00	1381.49	470.42	10666.00
LT01	88.40	15.40	2.78	2.40	4.00	84.40	20800.00	3862.95	24.98	2151.00
LT02	37.50	23.10	2.78	3.90	6.80	76.60	15400.00	3756.82	18.32	3564.00
HU11	3277.90	6.80	6.90	8.10	4.80	84.90	22400.00	2478.49	209.82	4859.00
HU12	210.50	12.80	6.90	11.90	9.60	82.70	14600.00	2519.62	192.97	3329.00
HU21	99.10	8.80	6.90	5.40	5.50	83.40	13900.00	2591.57	121.79	2147.00
HU22	87.70	10.80	6.90	9.70	5.30	82.50	13200.00	2548.63	96.31	1839.00
HU23	62.50	16.70	6.90	6.60	12.30	75.40	11600.00	2394.36	141.21	1732.00
HU31	82.60	17.10	6.90	7.80	23.40	75.20	10300.00	2730.81	156.97	1673.00
HU32	80.90	20.40	6.90	7.80	13.20	76.50	10900.00	2606.59	198.90	2421.00
HU33	66.40	16.10	6.90	6.90	11.10	78.90	11900.00	2470.85	206.82	2044.00
PL21	220.90	13.60	7.74	6.20	2.90	74.00	15300.00	3248.41	24.82	13421.00
PL22	350.50	7.80	7.74	5.60	7.40	74.60	17500.00	3152.64	26.35	9035.00
PL41	116.90	14.40	7.74	6.50	5.00	78.80	16300.00	2974.57	73.71	10556.00
PL42	72.90	13.50	7.74	7.70	7.10	75.70	15700.00	3063.57	43.12	5206.00
PL51	142.50	9.00	7.74	5.40	7.50	76.90	16100.00	2977.59	41.24	7690.00
PL52	96.60	12.10	7.74	4.50	5.10	76.30	14900.00	2951.94	42.26	1951.00
PL61	110.90	17.70	7.74	6.10	5.20	76.80	14900.00	3174.36	56.26	4724.00
PL62	57.00	20.60	7.74	7.30	6.90	73.60	14700.00	3439.85	35.84	2873.00
PL63	129.80	13.70	7.74	6.50	8.80	79.10	15300.00	3312.33	36.51	7801.00
PL71	129.80	14.10	7.74	5.00	8.30	78.50	16300.00	3154.36	30.59	4086.00
PL72	97.80	14.80	7.74	4.80	4.60	75.80	14800.00	3283.50	35.05	2642.00
PL81	78.50	22.60	7.74	4.90	7.40	75.10	14500.00	3346.96	30.25	4045.00
PL82	111.00	17.40	7.74	2.80	4.40	68.70	13200.00	3159.24	33.19	3687.00
PL84	54.30	23.40	7.74	6.00	3.70	77.50	14600.00	3609.19	18.11	2464.00
PL91	542.70	6.70	7.74	4.50	5.10	85.50	21000.00	3178.08	53.55	9565.00
PL92	75.80	16.40	7.74	4.90	7.30	75.90	16800.00	3310.62	32.92	4400.00
PT11	171.70	20.00	1.77	3.90	5.90	76.00	14600.00	1408.65	226.47	14616.00
PT15	96.10	22.10	1.77	9.10	7.30	79.20	19500.00	531.49	213.52	3553.00
RO11	74.30	14.40	7.50	6.70	13.00	72.20	13100.00	2976.20	85.79	6350.00
RO12	67.00	23.80	7.50	11.60	12.90	67.60	12900.00	3241.14	31.61	4228.00
RO21	88.30	26.20	7.50	7.20	22.80	69.40	9800.00	3030.88	80.40	4576.00
RO22	70.00	28.40	7.50	9.20	28.30	63.40	10700.00	2420.97	252.18	3392.00
RO31	84.10	21.50	7.50	6.30	15.50	65.80	10600.00	2500.84	226.70	4372.00
RO32	1299.40	3.90	7.50	8.50	20.70	79.90	24900.00	2275.23	304.60	7478.00
RO41	65.10	34.70	7.50	12.70	20.30	61.80	10300.00	2447.22	205.95	2267.00
RO42	52.40	17.90	7.50	8.00	12.30	65.20	14200.00	2610.15	135.76	3363.00
SI03	89.70	13.20	2.36	4.10	8.60	76.00	17200.00	2632.98	71.86	1199.00
SI04	128.80	10.90	2.36	4.20	6.30	80.10	17600.00	2655.99	95.91	1809.00
SK01	359.20	7.70	1.99	3.00	4.10	84.50	20300.00	2606.23	105.98	3313.00
SK02	121.90	9.50	1.99	2.40	4.60	78.30	12700.00	2690.52	106.68	4234.00
SK03	80.80	13.50	1.99	2.50	10.70	76.70	13400.00	3245.40	41.79	5270.00
SK04	101.40	21.40	1.99	2.40	12.40	71.30	12000.00	3225.90	52.53	4018.00
FI1B	189.50	9.20	1.74	7.30	7.40	80.80	21400.00	4269.16	3.66	6702.00
FI1C	36.40	14.00	1.74	4.70	9.20	77.50	18000.00	4453.32	6.71	4201.00
FI1D	6.20	14.30	1.74	4.30	6.40	75.10	17000.00	5608.78	1.03	3080.00
SE11	372.10	12.70	2.42	10.80	6.20	85.00	23100.00	3762.43	3.52	8518.00
SE12	45.70	17.10	2.42	7.50	6.50	78.00	18600.00	3719.45	7.20	3768.00
SE21	26.60	16.20	2.42	6.70	6.80	83.70	18300.00	3558.22	4.00	2242.00
SE22	112.80	19.30	2.42	8.90	8.20	79.10	19100.00	3125.42	2.18	4067.00
SE23	71.60	15.50	2.42	9.70	5.50	83.50	19700.00	3435.60	3.28	5504.00
SE31	13.50	18.20	2.42	9.00	5.70	81.30	18200.00	4564.12	0.99	1962.00
SE32	5.30	17.20	2.42	7.60	5.40	83.40	18300.00	5318.84	0.00	999.00
SE33	3.50	15.30	2.42	9.50	3.90	81.40	18700.00	6015.31	0.07	1158.00
